timestamp,player1_type,player1_depth,player2_type,player2_depth,winner,blue_score,pink_score,winner_score,loser_score,player1_total_time,player1_moves,player1_avg_time_ms,player2_total_time,player2_moves,player2_avg_time_ms
2025-12-08T11:32:11.323464,AIPlayer,2,AIPlayer,2,PINK,16,48,48,16,2.767,29,95.4,2.88,31,92.9
2025-12-08T11:32:16.884502,AIPlayer,2,AIPlayer,2,PINK,16,48,48,16,2.729,29,94.1,2.775,31,89.5
2025-12-08T11:32:22.634967,AIPlayer,2,AIPlayer,2,PINK,16,48,48,16,2.851,29,98.3,2.85,31,91.9
2025-12-08T11:32:28.210978,AIPlayer,2,AIPlayer,2,PINK,16,48,48,16,2.74,29,94.5,2.787,31,89.9
2025-12-08T11:32:34.020529,AIPlayer,2,AIPlayer,2,PINK,16,48,48,16,2.872,29,99.0,2.881,31,92.9
2025-12-08T11:32:39.650728,AIPlayer,2,AIPlayer,2,PINK,16,48,48,16,2.771,29,95.6,2.804,31,90.5
2025-12-08T11:32:45.296205,AIPlayer,2,AIPlayer,2,PINK,16,48,48,16,2.823,29,97.3,2.771,31,89.4
2025-12-08T11:32:50.981165,AIPlayer,2,AIPlayer,2,PINK,16,48,48,16,2.795,29,96.4,2.837,31,91.5
2025-12-08T11:32:56.615811,AIPlayer,2,AIPlayer,2,PINK,16,48,48,16,2.764,29,95.3,2.817,31,90.9
2025-12-08T11:33:02.313178,AIPlayer,2,AIPlayer,2,PINK,16,48,48,16,2.794,29,96.4,2.849,31,91.9
2025-12-08T11:33:07.952673,AIPlayer,2,AIPlayer,2,PINK,16,48,48,16,2.763,29,95.3,2.82,31,91.0
2025-12-08T11:33:13.725979,AIPlayer,2,AIPlayer,2,PINK,16,48,48,16,2.852,29,98.4,2.866,31,92.4
2025-12-08T11:33:19.364858,AIPlayer,2,AIPlayer,2,PINK,16,48,48,16,2.785,29,96.0,2.801,31,90.4
2025-12-08T11:33:24.996933,AIPlayer,2,AIPlayer,2,PINK,16,48,48,16,2.762,29,95.2,2.817,31,90.9
2025-12-08T11:33:30.685188,AIPlayer,2,AIPlayer,2,PINK,16,48,48,16,2.826,29,97.5,2.808,31,90.6
2025-12-08T11:33:36.367729,AIPlayer,2,AIPlayer,2,PINK,16,48,48,16,2.804,29,96.7,2.825,31,91.1
2025-12-08T11:33:42.116791,AIPlayer,2,AIPlayer,2,PINK,16,48,48,16,2.809,29,96.9,2.884,31,93.0
2025-12-08T11:33:47.801633,AIPlayer,2,AIPlayer,2,PINK,16,48,48,16,2.83,29,97.6,2.804,31,90.4
2025-12-08T11:33:53.578864,AIPlayer,2,AIPlayer,2,PINK,16,48,48,16,2.863,29,98.7,2.862,31,92.3
2025-12-08T11:33:59.215205,AIPlayer,2,AIPlayer,2,PINK,16,48,48,16,2.777,29,95.7,2.808,31,90.6
2025-12-08T11:34:04.983448,AIPlayer,2,AIPlayer,2,PINK,16,48,48,16,2.864,29,98.8,2.85,31,91.9
2025-12-08T11:34:10.618822,AIPlayer,2,AIPlayer,2,PINK,16,48,48,16,2.774,29,95.7,2.803,31,90.4
2025-12-08T11:34:16.185164,AIPlayer,2,AIPlayer,2,PINK,16,48,48,16,2.714,29,93.6,2.799,31,90.3
2025-12-08T11:34:21.980074,AIPlayer,2,AIPlayer,2,PINK,16,48,48,16,2.836,29,97.8,2.898,31,93.5
2025-12-08T11:34:27.544212,AIPlayer,2,AIPlayer,2,PINK,16,48,48,16,2.75,29,94.8,2.758,31,89.0
2025-12-08T11:34:33.350618,AIPlayer,2,AIPlayer,2,PINK,16,48,48,16,2.868,29,98.9,2.889,31,93.2
2025-12-08T11:34:39.045474,AIPlayer,2,AIPlayer,2,PINK,16,48,48,16,2.771,29,95.5,2.864,31,92.4
2025-12-08T11:34:44.762933,AIPlayer,2,AIPlayer,2,PINK,16,48,48,16,2.849,29,98.3,2.815,31,90.8
2025-12-08T11:34:50.498774,AIPlayer,2,AIPlayer,2,PINK,16,48,48,16,2.826,29,97.5,2.857,31,92.2
2025-12-08T11:34:56.181196,AIPlayer,2,AIPlayer,2,PINK,16,48,48,16,2.813,29,97.0,2.814,31,90.8
2025-12-08T11:35:01.922153,AIPlayer,2,AIPlayer,2,PINK,16,48,48,16,2.816,29,97.1,2.872,31,92.6
2025-12-08T11:35:07.608513,AIPlayer,2,AIPlayer,2,PINK,16,48,48,16,2.793,29,96.3,2.836,31,91.5
2025-12-08T11:35:13.329740,AIPlayer,2,AIPlayer,2,PINK,16,48,48,16,2.814,29,97.0,2.852,31,92.0
2025-12-08T11:35:19.042956,AIPlayer,2,AIPlayer,2,PINK,16,48,48,16,2.795,29,96.4,2.863,31,92.4
2025-12-08T11:35:24.851926,AIPlayer,2,AIPlayer,2,PINK,16,48,48,16,2.873,29,99.1,2.883,31,93.0
2025-12-08T11:35:30.563049,AIPlayer,2,AIPlayer,2,PINK,16,48,48,16,2.842,29,98.0,2.811,31,90.7
2025-12-08T11:35:36.198928,AIPlayer,2,AIPlayer,2,PINK,16,48,48,16,2.784,29,96.0,2.795,31,90.1
2025-12-08T11:35:42.035766,AIPlayer,2,AIPlayer,2,PINK,16,48,48,16,2.844,29,98.1,2.938,31,94.8
2025-12-08T11:35:47.626885,AIPlayer,2,AIPlayer,2,PINK,16,48,48,16,2.769,29,95.5,2.77,31,89.4
2025-12-08T11:35:53.433194,AIPlayer,2,AIPlayer,2,PINK,16,48,48,16,2.876,29,99.2,2.874,31,92.7
2025-12-08T11:35:59.071514,AIPlayer,2,AIPlayer,2,PINK,16,48,48,16,2.759,29,95.1,2.82,31,91.0
2025-12-08T11:36:04.823420,AIPlayer,2,AIPlayer,2,PINK,16,48,48,16,2.806,29,96.8,2.886,31,93.1
2025-12-08T11:36:10.540313,AIPlayer,2,AIPlayer,2,PINK,16,48,48,16,2.856,29,98.5,2.803,31,90.4
2025-12-08T11:36:16.111980,AIPlayer,2,AIPlayer,2,PINK,16,48,48,16,2.737,29,94.4,2.781,31,89.7
2025-12-08T11:36:21.934203,AIPlayer,2,AIPlayer,2,PINK,16,48,48,16,2.864,29,98.8,2.905,31,93.7
2025-12-08T11:36:27.467338,AIPlayer,2,AIPlayer,2,PINK,16,48,48,16,2.683,29,92.5,2.794,31,90.1
2025-12-08T11:36:33.105241,AIPlayer,2,AIPlayer,2,PINK,16,48,48,16,2.766,29,95.4,2.813,31,90.7
2025-12-08T11:36:38.221702,AIPlayer,2,AIPlayer,2,PINK,16,48,48,16,2.537,29,87.5,2.526,31,81.5
2025-12-08T11:36:44.030631,AIPlayer,2,AIPlayer,2,PINK,16,48,48,16,2.829,29,97.5,2.923,31,94.3
2025-12-08T11:36:49.659647,AIPlayer,2,AIPlayer,2,PINK,16,48,48,16,2.759,29,95.1,2.817,31,90.9
